A = 10 * rand(10000, 10000);
B = 10 * rand(10000, 10000);

tic
C = A * B;
toc
